0 0.4699519230769231 0.5564903846153846 0.12259615384615384 0.31490384615384615
0 0.484375 0.3016826923076923 0.11298076923076923 0.2091346153846154
0 0.8197115384615384 0.5228365384615384 0.10576923076923077 0.17548076923076922
0 0.7620192307692307 0.9591346153846154 0.038461538461538464 0.07692307692307693
0 0.7259615384615384 0.9314903846153846 0.03365384615384615 0.0889423076923077
0 0.7043269230769231 0.6430288461538461 0.10096153846153846 0.14182692307692307
0 0.6490384615384616 0.8293269230769231 0.052884615384615384 0.04807692307692308
0 0.671875 0.8990384615384616 0.04567307692307692 0.09615384615384616
0 0.6045673076923077 0.7596153846153846 0.03125 0.09134615384615384
0 0.7572115384615384 0.5060096153846154 0.08173076923076923 0.0889423076923077
0 0.33653846153846156 0.9278846153846154 0.09615384615384616 0.09134615384615384