0 0.2403846153846154 0.6778846153846154 0.2548076923076923 0.27884615384615385
0 0.4855769230769231 0.8473557692307693 0.27403846153846156 0.3004807692307692
0 0.6382211538461539 0.6634615384615384 0.25240384615384615 0.2644230769230769
0 0.25240384615384615 0.4026442307692308 0.20673076923076922 0.0889423076923077
0 0.36899038461538464 0.5024038461538461 0.08413461538461539 0.04326923076923077
0 0.5048076923076923 0.4675480769230769 0.11057692307692307 0.06490384615384616
0 0.38822115384615385 0.6658653846153846 0.09375 0.0625
0 0.5144230769230769 0.6694711538461539 0.08173076923076923 0.040865384615384616
0 0.5985576923076923 0.375 0.22115384615384615 0.10096153846153846
0 0.13822115384615385 0.30528846153846156 0.1658653846153846 0.2548076923076923
0 0.7403846153846154 0.30528846153846156 0.27884615384615385 0.3076923076923077