0 0.5432692307692307 0.421875 0.18269230769230768 0.10336538461538461
0 0.7319711538461539 0.36177884615384615 0.1466346153846154 0.0889423076923077
0 0.6754807692307693 0.5396634615384616 0.16826923076923078 0.12740384615384615
0 0.5432692307692307 0.29447115384615385 0.09134615384615384 0.06009615384615385
0 0.44471153846153844 0.24519230769230768 0.17307692307692307 0.09134615384615384
0 0.6598557692307693 0.1778846153846154 0.16105769230769232 0.10576923076923077
0 0.06610576923076923 0.09615384615384616 0.07932692307692307 0.11057692307692307
0 0.07451923076923077 0.2247596153846154 0.13942307692307693 0.11778846153846154
0 0.8269230769230769 0.9134615384615384 0.14423076923076922 0.10096153846153846
0 0.9278846153846154 0.7920673076923077 0.10096153846153846 0.09375
0 0.8173076923076923 0.7151442307692307 0.08653846153846154 0.06009615384615385