0 0.24759615384615385 0.5048076923076923 0.15865384615384615 0.13942307692307693
0 0.3317307692307692 0.5877403846153846 0.09134615384615384 0.13221153846153846
0 0.328125 0.4230769230769231 0.12259615384615384 0.1778846153846154
0 0.46033653846153844 0.421875 0.07932692307692307 0.18509615384615385
0 0.3918269230769231 0.7680288461538461 0.04326923076923077 0.08413461538461539
0 0.43990384615384615 0.7668269230769231 0.052884615384615384 0.09615384615384616
0 0.39783653846153844 0.6887019230769231 0.055288461538461536 0.06971153846153846
0 0.49278846153846156 0.7007211538461539 0.08653846153846154 0.08413461538461539
0 0.6298076923076923 0.8389423076923077 0.09615384615384616 0.1971153846153846
0 0.6598557692307693 0.7019230769230769 0.13221153846153846 0.0673076923076923
0 0.38461538461538464 0.33653846153846156 0.08173076923076923 0.14423076923076922
0 0.3233173076923077 0.27884615384615385 0.07932692307692307 0.08653846153846154
0 0.39783653846153844 0.2283653846153846 0.09375 0.07211538461538461
0 0.6442307692307693 0.5360576923076923 0.08653846153846154 0.16346153846153846
0 0.5841346153846154 0.39903846153846156 0.09134615384615384 0.10576923076923077
0 0.6610576923076923 0.31850961538461536 0.08653846153846154 0.17548076923076922
0 0.7451923076923077 0.3137019230769231 0.15384615384615385 0.1658653846153846
0 0.8846153846153846 0.47475961538461536 0.12980769230769232 0.12740384615384615
0 0.5600961538461539 0.7451923076923077 0.08173076923076923 0.09134615384615384
0 0.40625 0.5504807692307693 0.028846153846153848 0.057692307692307696
0 0.5180288461538461 0.6117788461538461 0.06490384615384616 0.06971153846153846
0 0.27163461538461536 0.10336538461538461 0.052884615384615384 0.052884615384615384
0 0.2920673076923077 0.04567307692307692 0.03125 0.08173076923076923
0 0.23918269230769232 0.042067307692307696 0.08413461538461539 0.07932692307692307
0 0.41225961538461536 0.0625 0.09375 0.07211538461538461
0 0.25 0.27884615384615385 0.04807692307692308 0.09134615384615384
0 0.8665865384615384 0.7716346153846154 0.06490384615384616 0.0673076923076923
0 0.9675480769230769 0.5625 0.06009615384615385 0.17307692307692307