0 0.09375 0.4891826923076923 0.18269230769230768 0.36778846153846156
0 0.19951923076923078 0.5240384615384616 0.0625 0.10096153846153846
0 0.265625 0.7055288461538461 0.17067307692307693 0.18990384615384615
0 0.21995192307692307 0.6262019230769231 0.04567307692307692 0.055288461538461536
0 0.34134615384615385 0.4254807692307692 0.16826923076923078 0.14903846153846154
0 0.4639423076923077 0.37259615384615385 0.0673076923076923 0.18269230769230768
0 0.734375 0.2608173076923077 0.11778846153846154 0.2620192307692308
0 0.8100961538461539 0.7067307692307693 0.20673076923076922 0.16346153846153846
0 0.8762019230769231 0.30408653846153844 0.0889423076923077 0.1466346153846154
0 0.7596153846153846 0.16706730769230768 0.12980769230769232 0.22355769230769232
0 0.6790865384615384 0.5408653846153846 0.12740384615384615 0.08173076923076923
0 0.6358173076923077 0.4230769230769231 0.040865384615384616 0.057692307692307696
0 0.6478365384615384 0.5 0.036057692307692304 0.057692307692307696
0 0.47475961538461536 0.6213942307692307 0.07932692307692307 0.18028846153846154
0 0.5276442307692307 0.6382211538461539 0.07451923076923077 0.06009615384615385