0 0.4266826923076923 0.5673076923076923 0.20432692307692307 0.22596153846153846
0 0.3449519230769231 0.3870192307692308 0.2764423076923077 0.125
0 0.5841346153846154 0.4675480769230769 0.1778846153846154 0.18028846153846154
0 0.5480769230769231 0.35216346153846156 0.07692307692307693 0.04567307692307692
0 0.46634615384615385 0.32211538461538464 0.0673076923076923 0.03365384615384615
0 0.6826923076923077 0.2764423076923077 0.23076923076923078 0.12980769230769232
0 0.4206730769230769 0.21153846153846154 0.19230769230769232 0.17307692307692307
0 0.15985576923076922 0.11298076923076923 0.20432692307692307 0.22115384615384615
0 0.05889423076923077 0.2704326923076923 0.11298076923076923 0.07932692307692307
0 0.4423076923076923 0.12620192307692307 0.2932692307692308 0.24759615384615385
0 0.9014423076923077 0.08173076923076923 0.15865384615384615 0.15865384615384615
0 0.6899038461538461 0.10576923076923077 0.08653846153846154 0.20673076923076922