0 0.41346153846153844 0.7836538461538461 0.08653846153846154 0.125
0 0.2247596153846154 0.7944711538461539 0.09375 0.0985576923076923
0 0.4987980769230769 0.4951923076923077 0.0985576923076923 0.09615384615384616
0 0.6358173076923077 0.47596153846153844 0.15625 0.08653846153846154
0 0.5432692307692307 0.1778846153846154 0.12980769230769232 0.23076923076923078
0 0.484375 0.38221153846153844 0.13221153846153846 0.10576923076923077
0 0.45072115384615385 0.6334134615384616 0.12740384615384615 0.09375
0 0.5625 0.8653846153846154 0.11057692307692307 0.1201923076923077
0 0.6814903846153846 0.7391826923076923 0.0985576923076923 0.10817307692307693
0 0.7391826923076923 0.6237980769230769 0.10817307692307693 0.07932692307692307
0 0.2956730769230769 0.8161057692307693 0.057692307692307696 0.13221153846153846
0 0.6081730769230769 0.9507211538461539 0.1201923076923077 0.09375
0 0.7379807692307693 0.8665865384615384 0.1346153846153846 0.11778846153846154