0 0.22355769230769232 0.4375 0.20192307692307693 0.23076923076923078
0 0.45072115384615385 0.2644230769230769 0.12259615384615384 0.3173076923076923
0 0.37259615384615385 0.5612980769230769 0.16346153846153846 0.22355769230769232
0 0.5192307692307693 0.609375 0.16826923076923078 0.20432692307692307
0 0.47836538461538464 0.5144230769230769 0.08173076923076923 0.11057692307692307
0 0.36538461538461536 0.43149038461538464 0.04326923076923077 0.05048076923076923
0 0.6622596153846154 0.4014423076923077 0.17067307692307693 0.20192307692307693
0 0.6310096153846154 0.6033653846153846 0.055288461538461536 0.13942307692307693
0 0.6983173076923077 0.4831730769230769 0.11778846153846154 0.07211538461538461
0 0.7103365384615384 0.734375 0.13701923076923078 0.0889423076923077
0 0.8449519230769231 0.8930288461538461 0.1466346153846154 0.18509615384615385
0 0.9387019230769231 0.5985576923076923 0.0889423076923077 0.28365384615384615
0 0.9603365384615384 0.9074519230769231 0.07451923076923077 0.12740384615384615
0 0.8629807692307693 0.6670673076923077 0.038461538461538464 0.10336538461538461