0 0.3629807692307692 0.21033653846153846 0.21153846153846154 0.29086538461538464
0 0.609375 0.7872596153846154 0.18990384615384615 0.25240384615384615
0 0.1658653846153846 0.6971153846153846 0.15865384615384615 0.08653846153846154
0 0.23076923076923078 0.5721153846153846 0.11538461538461539 0.09134615384615384
0 0.3329326923076923 0.4375 0.19951923076923078 0.08653846153846154
0 0.5492788461538461 0.3858173076923077 0.19951923076923078 0.10817307692307693
0 0.6550480769230769 0.39783653846153844 0.15144230769230768 0.1658653846153846
0 0.7115384615384616 0.6274038461538461 0.09134615384615384 0.15384615384615385
0 0.8413461538461539 0.6322115384615384 0.16346153846153846 0.125
0 0.8509615384615384 0.4110576923076923 0.125 0.12980769230769232
0 0.8137019230769231 0.4519230769230769 0.06971153846153846 0.0673076923076923