0 0.36177884615384615 0.7091346153846154 0.24759615384615385 0.24519230769230768
0 0.6802884615384616 0.8149038461538461 0.30288461538461536 0.25961538461538464
0 0.7475961538461539 0.6057692307692307 0.3173076923076923 0.17307692307692307
0 0.25721153846153844 0.3942307692307692 0.23557692307692307 0.22115384615384615
0 0.3233173076923077 0.4266826923076923 0.13701923076923078 0.06971153846153846
0 0.43990384615384615 0.5108173076923077 0.0673076923076923 0.04567307692307692
0 0.5276442307692307 0.4651442307692308 0.0889423076923077 0.06971153846153846
0 0.5072115384615384 0.6490384615384616 0.08173076923076923 0.052884615384615384
0 0.5997596153846154 0.6466346153846154 0.08413461538461539 0.04807692307692308
0 0.5673076923076923 0.3557692307692308 0.19230769230769232 0.10096153846153846
0 0.6850961538461539 0.30528846153846156 0.23557692307692307 0.25961538461538464
0 0.2403846153846154 0.1658653846153846 0.13942307692307693 0.10096153846153846
0 0.44471153846153844 0.078125 0.16826923076923078 0.11778846153846154
0 0.15745192307692307 0.15144230769230768 0.10817307692307693 0.23076923076923078
0 0.5685096153846154 0.08653846153846154 0.20432692307692307 0.16826923076923078
0 0.9026442307692307 0.07451923076923077 0.1466346153846154 0.14423076923076922