0 0.234375 0.8088942307692307 0.36778846153846156 0.16105769230769232
0 0.27403846153846156 0.5384615384615384 0.2932692307692308 0.10576923076923077
0 0.3858173076923077 0.6165865384615384 0.11298076923076923 0.07932692307692307
0 0.5396634615384616 0.6622596153846154 0.12259615384615384 0.06009615384615385
0 0.6322115384615384 0.7908653846153846 0.23076923076923078 0.08173076923076923
0 0.5504807692307693 0.5060096153846154 0.125 0.06490384615384616
0 0.7019230769230769 0.42427884615384615 0.22115384615384615 0.09375
0 0.43509615384615385 0.453125 0.0625 0.06971153846153846
0 0.36177884615384615 0.3545673076923077 0.1658653846153846 0.12259615384615384
0 0.44591346153846156 0.3389423076923077 0.055288461538461536 0.07692307692307693
0 0.5817307692307693 0.35216346153846156 0.10576923076923077 0.06009615384615385
0 0.7091346153846154 0.5793269230769231 0.28846153846153844 0.125
0 0.47596153846153844 0.8834134615384616 0.1778846153846154 0.11298076923076923
0 0.4375 0.8509615384615384 0.0625 0.04807692307692308