0 0.32091346153846156 0.5901442307692307 0.25721153846153844 0.1658653846153846
0 0.4879807692307692 0.7596153846153846 0.1971153846153846 0.24519230769230768
0 0.6586538461538461 0.6081730769230769 0.22596153846153846 0.14423076923076922
0 0.6117788461538461 0.5024038461538461 0.04567307692307692 0.07211538461538461
0 0.22235576923076922 0.34975961538461536 0.31009615384615385 0.10817307692307693
0 0.7427884615384616 0.37259615384615385 0.3076923076923077 0.11057692307692307
0 0.22716346153846154 0.24639423076923078 0.14182692307692307 0.11298076923076923
0 0.7896634615384616 0.17668269230769232 0.12740384615384615 0.12740384615384615
0 0.9086538461538461 0.8076923076923077 0.0625 0.0625
0 0.40384615384615385 0.9350961538461539 0.04326923076923077 0.052884615384615384
0 0.27163461538461536 0.9098557692307693 0.03365384615384615 0.06490384615384616
0 0.5997596153846154 0.25600961538461536 0.10336538461538461 0.05048076923076923
0 0.6550480769230769 0.16105769230769232 0.19951923076923078 0.11538461538461539
0 0.9266826923076923 0.20552884615384615 0.06009615384615385 0.07451923076923077