0 0.11538461538461539 0.3870192307692308 0.22596153846153846 0.1971153846153846
0 0.34615384615384615 0.8557692307692307 0.23076923076923078 0.22115384615384615
0 0.6670673076923077 0.5528846153846154 0.25721153846153844 0.12980769230769232
0 0.6322115384615384 0.24759615384615385 0.21153846153846154 0.13942307692307693
0 0.33774038461538464 0.3737980769230769 0.09375 0.06490384615384616
0 0.4807692307692308 0.34975961538461536 0.10096153846153846 0.040865384615384616
0 0.7740384615384616 0.7884615384615384 0.21634615384615385 0.19230769230769232
0 0.7019230769230769 0.9447115384615384 0.3269230769230769 0.10576923076923077
0 0.3449519230769231 0.5913461538461539 0.15625 0.09134615384615384
0 0.20673076923076922 0.5697115384615384 0.28846153846153844 0.1875
0 0.8894230769230769 0.2403846153846154 0.21634615384615385 0.125
0 0.7836538461538461 0.40024038461538464 0.42788461538461536 0.15625
0 0.7223557692307693 0.4699519230769231 0.15625 0.18509615384615385
0 0.6622596153846154 0.8641826923076923 0.12259615384615384 0.07932692307692307