0 0.7355769230769231 0.4182692307692308 0.18269230769230768 0.24519230769230768
0 0.4423076923076923 0.3545673076923077 0.14423076923076922 0.33413461538461536
0 0.34615384615384615 0.4074519230769231 0.11057692307692307 0.20432692307692307
0 0.3389423076923077 0.7367788461538461 0.08653846153846154 0.12740384615384615
0 0.49399038461538464 0.7355769230769231 0.18990384615384615 0.19230769230769232
0 0.5949519230769231 0.6766826923076923 0.07451923076923077 0.08413461538461539
0 0.06129807692307692 0.17307692307692307 0.11778846153846154 0.28846153846153844
0 0.15264423076923078 0.30408653846153844 0.12259615384615384 0.17067307692307693
0 0.036057692307692304 0.49278846153846156 0.0673076923076923 0.17307692307692307
0 0.765625 0.7199519230769231 0.14182692307692307 0.18509615384615385
0 0.515625 0.5276442307692307 0.07451923076923077 0.11778846153846154
0 0.9026442307692307 0.5889423076923077 0.18990384615384615 0.2932692307692308