0 0.13942307692307693 0.41225961538461536 0.16826923076923078 0.17067307692307693
0 0.25240384615384615 0.3389423076923077 0.052884615384615384 0.07692307692307693
0 0.3449519230769231 0.28125 0.0985576923076923 0.15384615384615385
0 0.36899038461538464 0.5360576923076923 0.11778846153846154 0.2692307692307692
0 0.5096153846153846 0.3449519230769231 0.07692307692307693 0.0889423076923077
0 0.5432692307692307 0.45913461538461536 0.038461538461538464 0.0673076923076923
0 0.5769230769230769 0.29086538461538464 0.10096153846153846 0.17307692307692307
0 0.6213942307692307 0.5841346153846154 0.12259615384615384 0.22596153846153846
0 0.6622596153846154 0.39663461538461536 0.04567307692307692 0.13942307692307693
0 0.6706730769230769 0.09975961538461539 0.0625 0.055288461538461536
0 0.6117788461538461 0.07211538461538461 0.06009615384615385 0.13942307692307693
0 0.7740384615384616 0.08533653846153846 0.10096153846153846 0.06490384615384616
0 0.6490384615384616 0.24278846153846154 0.08173076923076923 0.1201923076923077
0 0.8389423076923077 0.6754807692307693 0.1346153846153846 0.12980769230769232
0 0.7704326923076923 0.3088942307692308 0.06971153846153846 0.06490384615384616
0 0.8629807692307693 0.24278846153846154 0.125 0.14423076923076922
0 0.8365384615384616 0.36177884615384615 0.057692307692307696 0.07932692307692307
0 0.8137019230769231 0.5444711538461539 0.11778846153846154 0.08413461538461539
0 0.6875 0.5552884615384616 0.08173076923076923 0.15865384615384615
0 0.9026442307692307 0.7944711538461539 0.11778846153846154 0.12259615384615384