0 0.27163461538461536 0.6274038461538461 0.3076923076923077 0.20192307692307693
0 0.4891826923076923 0.8185096153846154 0.17548076923076922 0.13701923076923078
0 0.5757211538461539 0.6622596153846154 0.17548076923076922 0.11778846153846154
0 0.4074519230769231 0.390625 0.07451923076923077 0.13701923076923078
0 0.5252403846153846 0.46033653846153844 0.10336538461538461 0.07451923076923077
0 0.3004807692307692 0.2403846153846154 0.2403846153846154 0.13942307692307693
0 0.5336538461538461 0.2512019230769231 0.10096153846153846 0.06971153846153846
0 0.6574519230769231 0.3605769230769231 0.2283653846153846 0.15865384615384615
0 0.6526442307692307 0.16466346153846154 0.17067307692307693 0.10336538461538461
0 0.5661057692307693 0.039663461538461536 0.12740384615384615 0.07451923076923077
0 0.39663461538461536 0.05048076923076923 0.09615384615384616 0.09615384615384616
0 0.4375 0.7079326923076923 0.057692307692307696 0.06971153846153846