0 0.19471153846153846 0.5961538461538461 0.16826923076923078 0.1201923076923077
0 0.051682692307692304 0.49038461538461536 0.04567307692307692 0.13942307692307693
0 0.10817307692307693 0.49038461538461536 0.057692307692307696 0.14903846153846154
0 0.07932692307692307 0.8016826923076923 0.15384615384615385 0.10336538461538461
0 0.06490384615384616 0.9194711538461539 0.125 0.13701923076923078
0 0.46274038461538464 0.7776442307692307 0.06490384615384616 0.13701923076923078
0 0.4387019230769231 0.90625 0.07932692307692307 0.11057692307692307
0 0.4206730769230769 0.4723557692307692 0.17307692307692307 0.16105769230769232
0 0.6358173076923077 0.4675480769230769 0.18509615384615385 0.19471153846153846
0 0.6009615384615384 0.18509615384615385 0.1778846153846154 0.16826923076923078
0 0.42788461538461536 0.2127403846153846 0.15865384615384615 0.17548076923076922
0 0.6658653846153846 0.8762019230769231 0.13942307692307693 0.18028846153846154
0 0.5516826923076923 0.6346153846153846 0.15625 0.2932692307692308
0 0.5540865384615384 0.8545673076923077 0.0889423076923077 0.17067307692307693
0 0.7223557692307693 0.13221153846153846 0.1466346153846154 0.15865384615384615
0 0.5769230769230769 0.0829326923076923 0.12980769230769232 0.11778846153846154
0 0.3605769230769231 0.11057692307692307 0.12980769230769232 0.21634615384615385
0 0.21875 0.09495192307692307 0.11057692307692307 0.18509615384615385
0 0.8161057692307693 0.6346153846153846 0.10817307692307693 0.15384615384615385