0 0.33052884615384615 0.6622596153846154 0.24278846153846154 0.16105769230769232
0 0.3870192307692308 0.7115384615384616 0.1346153846153846 0.0673076923076923
0 0.5745192307692307 0.7668269230769231 0.10096153846153846 0.057692307692307696
0 0.4807692307692308 0.8485576923076923 0.10096153846153846 0.08173076923076923
0 0.5925480769230769 0.5865384615384616 0.2283653846153846 0.1201923076923077
0 0.7644230769230769 0.6574519230769231 0.1875 0.13221153846153846
0 0.7716346153846154 0.5360576923076923 0.24519230769230768 0.15865384615384615
0 0.6141826923076923 0.9423076923076923 0.2620192307692308 0.11057692307692307
0 0.37740384615384615 0.9158653846153846 0.04807692307692308 0.052884615384615384
0 0.5108173076923077 0.6838942307692307 0.04567307692307692 0.036057692307692304
0 0.39663461538461536 0.7836538461538461 0.028846153846153848 0.028846153846153848
0 0.5733173076923077 0.7055288461538461 0.03125 0.040865384615384616